Matriks Eselon Baris: 
1 0.50 0.33 0.25 0.20 0.17 0.14 0.25 0.11 0.10 1 
0 1 1.00 0.90 0.80 0.71 2.14 -0.17 0.53 0.49 -6.00 
0 0 1 1.51 1.72 24.47 -20.90 5.55 1.70 137.73 30.30 
0 0 0 1 444.96 -666.17 275.00 -18.82 2661.89 -4011.48 -185.09 
0 0 0 0 1 -1.49 0.62 -0.06 5.98 -8.99 -0.41 
0 0 0 0 0 1 -0.97 -0.10 -0.27 5.72 1.05 
0 0 0 0 0 0 1 0.77 0.58 -4.97 0.63 
0 0 0 0 0 0 0 1 8.59 -6.11 3.24 
0 0 0 0 0 0 0 0 1 -0.64 0.35 
0 0 0 0 0 0 0 0 0 1 -0.02 

Solusi dari sistem persamaan adalah: 
x[1] = 4.38
x[2] = -7.45
x[3] = 0.15
x[4] = 0.17
x[5] = -0.55
x[6] = 1.44
x[7] = 0.19
x[8] = 0.21
x[9] = 0.34
x[10] = -0.02
